<?xml version="1.0" encoding="utf-8"?>
<COLLADA xmlns="http://www.collada.org/2005/11/COLLADASchema" version="1.4.1">
  <asset><contributor><author>Mixamo</author><authoring_tool>COLLADA Mixamo exporter</authoring_tool><comments></comments></contributor><created>2018-10-02T22:52:35Z</created><modified>2018-10-02T22:52:35Z</modified><revision></revision><title></title><unit meter="0.010000"/><up_axis>Y_UP</up_axis></asset>
  <library_geometries>
  </library_geometries>
  <library_controllers>
  </library_controllers>
  <library_animations>
    <animation id="mixamorig_Hips-anim" name="mixamorig_Hips"><source id="mixamorig_Hips-Matrix-animation-input"><float_array id="mixamorig_Hips-Matrix-animation-input-array" count="237">

0.000000 0.033333 0.066667 0.100000 0.133333 0.166667 0.200000 0.233333 0.266667 0.300000 0.333333 0.366667 0.400000 0.433333 0.466667 0.500000
0.533333 0.566667 0.600000 0.633333 0.666667 0.700000 0.733333 0.766667 0.800000 0.833333 0.866667 0.900000 0.933333 0.966667 1.000000 1.033333
1.066667 1.100000 1.133333 1.166667 1.200000 1.233333 1.266667 1.300000 1.333333 1.366667 1.400000 1.433333 1.466667 1.500000 1.533333 1.566667
1.600000 1.633333 1.666667 1.700000 1.733333 1.766667 1.800000 1.833333 1.866667 1.900000 1.933333 1.966667 2.000000 2.033333 2.066667 2.100000
2.133333 2.166667 2.200000 2.233333 2.266667 2.300000 2.333333 2.366667 2.400000 2.433333 2.466667 2.500000 2.533333 2.566667 2.600000 2.633333
2.666667 2.700000 2.733333 2.766667 2.800000 2.833333 2.866667 2.900000 2.933333 2.966667 3.000000 3.033333 3.066667 3.100000 3.133333 3.166667
3.200000 3.233333 3.266667 3.300000 3.333333 3.366667 3.400000 3.433333 3.466667 3.500000 3.533333 3.566667 3.600000 3.633333 3.666667 3.700000
3.733333 3.766667 3.800000 3.833333 3.866667 3.900000 3.933333 3.966667 4.000000 4.033333 4.066667 4.100000 4.133333 4.166667 4.200000 4.233333
4.266667 4.300000 4.333333 4.366667 4.400000 4.433333 4.466667 4.500000 4.533333 4.566667 4.600000 4.633333 4.666667 4.700000 4.733333 4.766667
4.800000 4.833333 4.866667 4.900000 4.933333 4.966667 5.000000 5.033333 5.066667 5.100000 5.133333 5.166667 5.200000 5.233333 5.266667 5.300000
5.333333 5.366667 5.400000 5.433333 5.466667 5.500000 5.533333 5.566667 5.600000 5.633333 5.666667 5.700000 5.733333 5.766667 5.800000 5.833333
5.866667 5.900000 5.933333 5.966667 6.000000 6.033333 6.066667 6.100000 6.133333 6.166667 6.200000 6.233333 6.266667 6.300000 6.333333 6.366667
6.400000 6.433333 6.466667 6.500000 6.533333 6.566667 6.600000 6.633333 6.666667 6.700000 6.733333 6.766667 6.800000 6.833333 6.866667 6.900000
6.933333 6.966667 7.000000 7.033333 7.066667 7.100000 7.133333 7.166667 7.200000 7.233333 7.266667 7.300000 7.333333 7.366667 7.400000 7.433333
7.466667 7.500000 7.533333 7.566667 7.600000 7.633333 7.666667 7.700000 7.733333 7.766667 7.800000 7.833333 7.866667</float_array><technique_common><accessor source="#mixamorig_Hips-Matrix-animation-input-array" count="237"><param name="TIME" type="float"/></accessor></technique_common></source><source id="mixamorig_Hips-Matrix-animation-output-transform"><float_array id="mixamorig_Hips-Matrix-animation-output-transform-array" count="3792">

0.975372 0.029993 -0.218518 0.733865 -0.002763 0.992295 0.123866 19.518305 0.220549 -0.120212 0.967940 -0.604095 0.000000 0.000000 0.000000 1.000000
0.975753 0.030544 -0.216735 0.729434 -0.003563 0.992301 0.123801 19.515387 0.218847 -0.120027 0.968349 -0.602210 0.000000 0.000000 0.000000 1.000000
0.976257 0.031458 -0.214321 0.723480 -0.004879 0.992341 0.123431 19.512058 0.216563 -0.119455 0.968933 -0.601004 0.000000 0.000000 0.000000 1.000000
0.976932 0.032407 -0.211075 0.716448 -0.006515 0.992481 0.122226 19.508711 0.213449 -0.118031 0.969798 -0.598702 0.000000 0.000000 0.000000 1.000000
0.977811 0.033099 -0.206856 0.709290 -0.008293 0.992781 0.119654 19.506645 0.209323 -0.115283 0.971027 -0.593910 0.000000 0.000000 0.000000 1.000000
0.978866 0.033368 -0.201762 0.702989 -0.010038 0.993249 0.115568 19.507479 0.204257 -0.111100 0.972592 -0.587244 0.000000 0.000000 0.000000 1.000000
0.980029 0.033268 -0.196055 0.697909 -0.011661 0.993825 0.110346 19.511681 0.198515 -0.105856 0.974365 -0.580530 0.000000 0.000000 0.000000 1.000000
0.981219 0.032987 -0.190053 0.693478 -0.013155 0.994419 0.104677 19.517879 0.192446 -0.100211 0.976177 -0.575030 0.000000 0.000000 0.000000 1.000000
0.982370 0.032778 -0.184051 0.688649 -0.014581 0.994945 0.099362 19.523785 0.186378 -0.094926 0.977882 -0.571225 0.000000 0.000000 0.000000 1.000000
0.983459 0.032783 -0.178142 0.682097 -0.015958 0.995343 0.095072 19.527643 0.180429 -0.090656 0.979401 -0.569166 0.000000 0.000000 0.000000 1.000000
0.984509 0.032986 -0.172205 0.672757 -0.017310 0.995631 0.091755 19.529575 0.174479 -0.087353 0.980779 -0.568591 0.000000 0.000000 0.000000 1.000000
0.985547 0.033387 -0.166082 0.660896 -0.018694 0.995833 0.089258 19.530634 0.168370 -0.084863 0.982064 -0.569639 0.000000 0.000000 0.000000 1.000000
0.986579 0.033974 -0.159708 0.647178 -0.020166 0.995978 0.087298 19.531460 0.162032 -0.082906 0.983297 -0.572719 0.000000 0.000000 0.000000 1.000000
0.987596 0.034721 -0.153127 0.632128 -0.021718 0.996077 0.085784 19.531631 0.155505 -0.081394 0.984476 -0.578367 0.000000 0.000000 0.000000 1.000000
0.988584 0.035570 -0.146414 0.616428 -0.023290 0.996130 0.084748 19.530598 0.148862 -0.080371 0.985587 -0.585920 0.000000 0.000000 0.000000 1.000000
0.989534 0.036425 -0.139628 0.600406 -0.024807 0.996152 0.084063 19.528667 0.142153 -0.079719 0.986629 -0.594186 0.000000 0.000000 0.000000 1.000000
0.990449 0.037207 -0.132763 0.584165 -0.026220 0.996157 0.083567 19.526880 0.135362 -0.079287 0.987619 -0.602196 0.000000 0.000000 0.000000 1.000000
0.991326 0.037951 -0.125823 0.567808 -0.027599 0.996166 0.083021 19.526199 0.128492 -0.078828 0.988573 -0.609646 0.000000 0.000000 0.000000 1.000000
0.992161 0.038754 -0.118806 0.551397 -0.029052 0.996181 0.082339 19.526583 0.121543 -0.078242 0.989498 -0.616972 0.000000 0.000000 0.000000 1.000000
0.992940 0.039701 -0.111772 0.535197 -0.030648 0.996196 0.081578 19.527142 0.114586 -0.077576 0.990380 -0.624708 0.000000 0.000000 0.000000 1.000000
0.993652 0.040770 -0.104849 0.519600 -0.032348 0.996204 0.080813 19.527159 0.107746 -0.076909 0.991199 -0.632915 0.000000 0.000000 0.000000 1.000000
0.994282 0.041876 -0.098232 0.504981 -0.034044 0.996206 0.080094 19.526527 0.101214 -0.076292 0.991935 -0.641193 0.000000 0.000000 0.000000 1.000000
0.994831 0.042959 -0.092013 0.491579 -0.035670 0.996201 0.079445 19.525537 0.095076 -0.075752 0.992584 -0.649233 0.000000 0.000000 0.000000 1.000000
0.995291 0.044001 -0.086372 0.479261 -0.037188 0.996184 0.078957 19.524540 0.089517 -0.075373 0.993129 -0.656977 0.000000 0.000000 0.000000 1.000000
0.995672 0.045003 -0.081312 0.468583 -0.038600 0.996153 0.078668 19.523556 0.084540 -0.075189 0.993579 -0.665127 0.000000 0.000000 0.000000 1.000000
0.995967 0.045924 -0.077072 0.459431 -0.039848 0.996110 0.078598 19.522619 0.080381 -0.075210 0.993923 -0.673362 0.000000 0.000000 0.000000 1.000000
0.996180 0.046715 -0.073771 0.452200 -0.040887 0.996065 0.078626 19.521851 0.077154 -0.075309 0.994171 -0.680985 0.000000 0.000000 0.000000 1.000000
0.996316 0.047364 -0.071492 0.447069 -0.041707 0.996030 0.078644 19.521482 0.074933 -0.075373 0.994336 -0.687127 0.000000 0.000000 0.000000 1.000000
0.996383 0.047916 -0.070181 0.444149 -0.042366 0.996011 0.078536 19.521626 0.073665 -0.075279 0.994438 -0.691679 0.000000 0.000000 0.000000 1.000000
0.996397 0.048441 -0.069612 0.443190 -0.042954 0.996007 0.078263 19.522369 0.073125 -0.074991 0.994499 -0.694814 0.000000 0.000000 0.000000 1.000000
0.996362 0.048990 -0.069737 0.443715 -0.043530 0.996021 0.077759 19.523767 0.073269 -0.074441 0.994530 -0.696770 0.000000 0.000000 0.000000 1.000000
0.996292 0.049561 -0.070333 0.445568 -0.044109 0.996051 0.077055 19.525560 0.073875 -0.073667 0.994543 -0.697661 0.000000 0.000000 0.000000 1.000000
0.996194 0.050128 -0.071301 0.448467 -0.044672 0.996095 0.076157 19.527485 0.074841 -0.072682 0.994543 -0.697609 0.000000 0.000000 0.000000 1.000000
0.996087 0.050655 -0.072424 0.452160 -0.045194 0.996147 0.075152 19.529297 0.075952 -0.071585 0.994539 -0.696758 0.000000 0.000000 0.000000 1.000000
0.995978 0.051127 -0.073585 0.455984 -0.045663 0.996204 0.074111 19.530832 0.077095 -0.070453 0.994531 -0.695482 0.000000 0.000000 0.000000 1.000000
0.995871 0.051534 -0.074729 0.460800 -0.046068 0.996259 0.073112 19.532267 0.078218 -0.069367 0.994520 -0.693607 0.000000 0.000000 0.000000 1.000000
0.995770 0.051881 -0.075837 0.466144 -0.046411 0.996310 0.072199 19.533476 0.079303 -0.068374 0.994503 -0.691047 0.000000 0.000000 0.000000 1.000000
0.995675 0.052157 -0.076885 0.471682 -0.046678 0.996354 0.071414 19.534351 0.080329 -0.067517 0.994479 -0.687788 0.000000 0.000000 0.000000 1.000000
0.995585 0.052374 -0.077889 0.477482 -0.046881 0.996392 0.070748 19.534821 0.081313 -0.066784 0.994449 -0.683722 0.000000 0.000000 0.000000 1.000000
0.995499 0.052529 -0.078879 0.483482 -0.047014 0.996423 0.070222 19.534939 0.082285 -0.066198 0.994408 -0.678980 0.000000 0.000000 0.000000 1.000000
0.995416 0.052615 -0.079861 0.489899 -0.047068 0.996449 0.069816 19.534889 0.083251 -0.065737 0.994358 -0.673480 0.000000 0.000000 0.000000 1.000000
0.995340 0.052647 -0.080787 0.496115 -0.047064 0.996470 0.069516 19.534809 0.084161 -0.065390 0.994304 -0.667401 0.000000 0.000000 0.000000 1.000000
0.995281 0.052585 -0.081549 0.502203 -0.046972 0.996490 0.069286 19.534882 0.084907 -0.065128 0.994258 -0.660805 0.000000 0.000000 0.000000 1.000000
0.995245 0.052437 -0.082081 0.508007 -0.046807 0.996512 0.069084 19.535107 0.085417 -0.064913 0.994228 -0.653961 0.000000 0.000000 0.000000 1.000000
0.995235 0.052222 -0.082343 0.513527 -0.046592 0.996537 0.068873 19.535362 0.085655 -0.064709 0.994221 -0.647272 0.000000 0.000000 0.000000 1.000000
0.995240 0.051990 -0.082430 0.519226 -0.046375 0.996564 0.068631 19.535618 0.085715 -0.064482 0.994231 -0.641162 0.000000 0.000000 0.000000 1.000000
0.995250 0.051799 -0.082428 0.525264 -0.046210 0.996592 0.068328 19.535873 0.085686 -0.064194 0.994252 -0.635721 0.000000 0.000000 0.000000 1.000000
0.995255 0.051689 -0.082433 0.531419 -0.046132 0.996622 0.067952 19.536093 0.085666 -0.063827 0.994277 -0.631134 0.000000 0.000000 0.000000 1.000000
0.995250 0.051631 -0.082529 0.538394 -0.046106 0.996654 0.067497 19.536518 0.085737 -0.063372 0.994300 -0.627247 0.000000 0.000000 0.000000 1.000000
0.995231 0.051602 -0.082776 0.545856 -0.046105 0.996687 0.066995 19.537022 0.085959 -0.062859 0.994314 -0.624256 0.000000 0.000000 0.000000 1.000000
0.995201 0.051587 -0.083154 0.553433 -0.046110 0.996721 0.066494 19.537636 0.086311 -0.062341 0.994316 -0.622214 0.000000 0.000000 0.000000 1.000000
0.995162 0.051569 -0.083623 0.560991 -0.046101 0.996751 0.066051 19.538431 0.086758 -0.061876 0.994306 -0.620933 0.000000 0.000000 0.000000 1.000000
0.995120 0.051531 -0.084142 0.568448 -0.046063 0.996777 0.065686 19.539402 0.087255 -0.061489 0.994286 -0.620277 0.000000 0.000000 0.000000 1.000000
0.995076 0.051423 -0.084734 0.576101 -0.045941 0.996799 0.065423 19.540306 0.087827 -0.061208 0.994253 -0.620261 0.000000 0.000000 0.000000 1.000000
0.995021 0.051303 -0.085446 0.583523 -0.045793 0.996818 0.065242 19.541046 0.088522 -0.061004 0.994204 -0.620828 0.000000 0.000000 0.000000 1.000000
0.994950 0.051183 -0.086346 0.590867 -0.045627 0.996833 0.065138 19.541685 0.089407 -0.060869 0.994133 -0.621881 0.000000 0.000000 0.000000 1.000000
0.994859 0.051083 -0.087439 0.598176 -0.045461 0.996841 0.065124 19.542461 0.090489 -0.060814 0.994039 -0.622842 0.000000 0.000000 0.000000 1.000000
0.994753 0.051002 -0.088688 0.605429 -0.045303 0.996848 0.065124 19.543264 0.091730 -0.060765 0.993928 -0.624238 0.000000 0.000000 0.000000 1.000000
0.994635 0.050939 -0.090034 0.612549 -0.045158 0.996855 0.065125 19.544100 0.093068 -0.060710 0.993807 -0.626275 0.000000 0.000000 0.000000 1.000000
0.994513 0.050890 -0.091403 0.619371 -0.045025 0.996861 0.065125 19.544964 0.094431 -0.060653 0.993682 -0.628789 0.000000 0.000000 0.000000 1.000000
0.994442 0.051296 -0.091950 0.620734 -0.045248 0.996746 0.066702 19.542452 0.095072 -0.062170 0.993527 -0.624973 0.000000 0.000000 0.000000 1.000000
0.994360 0.051713 -0.092600 0.622493 -0.045433 0.996603 0.068690 19.539425 0.095837 -0.064095 0.993331 -0.618824 0.000000 0.000000 0.000000 1.000000
0.994267 0.052064 -0.093394 0.624991 -0.045495 0.996429 0.071131 19.535688 0.096764 -0.066474 0.993085 -0.610699 0.000000 0.000000 0.000000 1.000000
0.994160 0.052292 -0.094396 0.628099 -0.045376 0.996227 0.073979 19.531528 0.097909 -0.069264 0.992782 -0.600137 0.000000 0.000000 0.000000 1.000000
0.994034 0.052380 -0.095671 0.631584 -0.045058 0.996001 0.077151 19.527266 0.099330 -0.072380 0.992419 -0.587402 0.000000 0.000000 0.000000 1.000000
0.993880 0.052373 -0.097256 0.635212 -0.044598 0.995759 0.080471 19.523355 0.101058 -0.075641 0.992001 -0.573072 0.000000 0.000000 0.000000 1.000000
0.993699 0.052341 -0.099115 0.638928 -0.044082 0.995511 0.083758 19.520386 0.103054 -0.078861 0.991545 -0.557738 0.000000 0.000000 0.000000 1.000000
0.993481 0.052267 -0.101306 0.642700 -0.043501 0.995268 0.086887 19.518534 0.105368 -0.081914 0.991054 -0.542091 0.000000 0.000000 0.000000 1.000000
0.993230 0.052015 -0.103864 0.646850 -0.042711 0.995037 0.089873 19.517738 0.108023 -0.084829 0.990523 -0.526751 0.000000 0.000000 0.000000 1.000000
0.992933 0.051335 -0.106998 0.651584 -0.041443 0.994831 0.092703 19.517788 0.111204 -0.087613 0.989928 -0.512101 0.000000 0.000000 0.000000 1.000000
0.992580 0.050201 -0.110750 0.657669 -0.039668 0.994655 0.095333 19.518742 0.114944 -0.090233 0.989265 -0.498961 0.000000 0.000000 0.000000 1.000000
0.992165 0.048814 -0.115006 0.665493 -0.037612 0.994511 0.097638 19.520830 0.119141 -0.092548 0.988555 -0.488203 0.000000 0.000000 0.000000 1.000000
0.991712 0.047551 -0.119361 0.673804 -0.035709 0.994401 0.099459 19.523491 0.123422 -0.094372 0.987857 -0.479820 0.000000 0.000000 0.000000 1.000000
0.991253 0.046585 -0.123481 0.681600 -0.034178 0.994324 0.100759 19.526098 0.127474 -0.095657 0.987218 -0.473179 0.000000 0.000000 0.000000 1.000000
0.990790 0.045935 -0.127381 0.688943 -0.033049 0.994287 0.101490 19.528633 0.131315 -0.096345 0.986648 -0.466520 0.000000 0.000000 0.000000 1.000000
0.990261 0.045444 -0.131601 0.696295 -0.032095 0.994283 0.101839 19.531769 0.135477 -0.096624 0.986058 -0.458996 0.000000 0.000000 0.000000 1.000000
0.989555 0.045013 -0.136947 0.705017 -0.031123 0.994305 0.101929 19.536144 0.140755 -0.096602 0.985320 -0.450521 0.000000 0.000000 0.000000 1.000000
0.988618 0.044545 -0.143702 0.716096 -0.029979 0.994334 0.101984 19.541510 0.147430 -0.096515 0.984352 -0.441747 0.000000 0.000000 0.000000 1.000000
0.987429 0.044008 -0.151812 0.729548 -0.028604 0.994353 0.102200 19.546974 0.155452 -0.096573 0.983111 -0.432950 0.000000 0.000000 0.000000 1.000000
0.986027 0.043390 -0.160834 0.744134 -0.026990 0.994337 0.102789 19.551329 0.164383 -0.097012 0.981614 -0.425313 0.000000 0.000000 0.000000 1.000000
0.984456 0.042637 -0.170380 0.759474 -0.025086 0.994275 0.103869 19.554491 0.173833 -0.097981 0.979889 -0.418776 0.000000 0.000000 0.000000 1.000000
0.982733 0.041546 -0.180307 0.775388 -0.022654 0.994151 0.105601 19.556646 0.183639 -0.099693 0.977925 -0.413273 0.000000 0.000000 0.000000 1.000000
0.980878 0.040002 -0.190468 0.791835 -0.019583 0.993969 0.107901 19.557386 0.193636 -0.102108 0.975745 -0.409206 0.000000 0.000000 0.000000 1.000000
0.978913 0.037892 -0.200731 0.808219 -0.015746 0.993719 0.110792 19.556231 0.203669 -0.105294 0.973361 -0.406950 0.000000 0.000000 0.000000 1.000000
0.976885 0.035519 -0.210794 0.823825 -0.011524 0.993416 0.113983 19.553202 0.213455 -0.108919 0.970862 -0.406107 0.000000 0.000000 0.000000 1.000000
0.974865 0.033282 -0.220295 0.837688 -0.007444 0.993093 0.117093 19.549026 0.222671 -0.112510 0.968380 -0.405610 0.000000 0.000000 0.000000 1.000000
0.972934 0.031585 -0.228914 0.849611 -0.004104 0.992820 0.119544 19.544765 0.231046 -0.115369 0.966078 -0.403363 0.000000 0.000000 0.000000 1.000000
0.971146 0.030536 -0.236521 0.858552 -0.001744 0.992652 0.120995 19.541458 0.238477 -0.117091 0.964063 -0.400400 0.000000 0.000000 0.000000 1.000000
0.969569 0.030070 -0.242965 0.864187 -0.000364 0.992604 0.121393 19.540005 0.244819 -0.117610 0.962409 -0.397820 0.000000 0.000000 0.000000 1.000000
0.968187 0.029917 -0.248433 0.867175 0.000453 0.992616 0.121299 19.539684 0.250227 -0.117553 0.961024 -0.397042 0.000000 0.000000 0.000000 1.000000
0.967045 0.029964 -0.252837 0.868165 0.000934 0.992626 0.121212 19.539646 0.254605 -0.117454 0.959886 -0.398973 0.000000 0.000000 0.000000 1.000000
0.966105 0.030131 -0.256387 0.867406 0.001267 0.992600 0.121423 19.538971 0.258148 -0.117632 0.958917 -0.403582 0.000000 0.000000 0.000000 1.000000
0.965388 0.030397 -0.259039 0.865262 0.001452 0.992544 0.121881 19.537369 0.260813 -0.118038 0.958146 -0.410349 0.000000 0.000000 0.000000 1.000000
0.964885 0.030728 -0.260871 0.861745 0.001471 0.992486 0.122348 19.535408 0.262670 -0.118436 0.957589 -0.418720 0.000000 0.000000 0.000000 1.000000
0.964579 0.031097 -0.261956 0.856895 0.001318 0.992447 0.122669 19.534084 0.263792 -0.118669 0.957252 -0.428318 0.000000 0.000000 0.000000 1.000000
0.964457 0.031480 -0.262358 0.850867 0.001002 0.992436 0.122763 19.534161 0.264238 -0.118662 0.957130 -0.438923 0.000000 0.000000 0.000000 1.000000
0.964473 0.031849 -0.262255 0.844041 0.000580 0.992449 0.122661 19.535599 0.264181 -0.118455 0.957171 -0.450715 0.000000 0.000000 0.000000 1.000000
0.964632 0.032169 -0.261630 0.836793 0.000085 0.992487 0.122347 19.537779 0.263600 -0.118042 0.957382 -0.463564 0.000000 0.000000 0.000000 1.000000
0.964902 0.032423 -0.260601 0.829437 -0.000434 0.992544 0.121883 19.539843 0.262610 -0.117492 0.957722 -0.477549 0.000000 0.000000 0.000000 1.000000
0.965277 0.032578 -0.259189 0.821939 -0.000927 0.992614 0.121313 19.541317 0.261227 -0.116861 0.958177 -0.492312 0.000000 0.000000 0.000000 1.000000
0.965716 0.032627 -0.257544 0.814459 -0.001338 0.992683 0.120740 19.542179 0.259599 -0.116256 0.958693 -0.507455 0.000000 0.000000 0.000000 1.000000
0.966185 0.032577 -0.255785 0.807237 -0.001639 0.992743 0.120244 19.542686 0.257846 -0.115759 0.959226 -0.522576 0.000000 0.000000 0.000000 1.000000
0.966660 0.032463 -0.253997 0.800368 -0.001842 0.992787 0.119877 19.543129 0.256057 -0.115412 0.959747 -0.537294 0.000000 0.000000 0.000000 1.000000
0.967137 0.032328 -0.252192 0.794267 -0.001995 0.992818 0.119618 19.543610 0.254248 -0.115184 0.960256 -0.551271 0.000000 0.000000 0.000000 1.000000
0.967631 0.032196 -0.250307 0.788765 -0.002138 0.992840 0.119436 19.544115 0.252360 -0.115035 0.960771 -0.564405 0.000000 0.000000 0.000000 1.000000
0.968151 0.032071 -0.248303 0.783601 -0.002298 0.992858 0.119280 19.544718 0.250355 -0.114911 0.961310 -0.576398 0.000000 0.000000 0.000000 1.000000
0.968695 0.031955 -0.246188 0.778489 -0.002464 0.992870 0.119176 19.545433 0.248241 -0.114839 0.961867 -0.587199 0.000000 0.000000 0.000000 1.000000
0.969234 0.031837 -0.244072 0.773737 -0.002600 0.992868 0.119187 19.546169 0.246126 -0.114885 0.962405 -0.596960 0.000000 0.000000 0.000000 1.000000
0.969751 0.031722 -0.242025 0.769574 -0.002674 0.992841 0.119415 19.546648 0.244080 -0.115156 0.962894 -0.605780 0.000000 0.000000 0.000000 1.000000
0.970261 0.031605 -0.239989 0.765949 -0.002681 0.992782 0.119902 19.546398 0.242047 -0.115693 0.963342 -0.613776 0.000000 0.000000 0.000000 1.000000
0.970793 0.031505 -0.237841 0.762596 -0.002672 0.992699 0.120588 19.545095 0.239903 -0.116431 0.963790 -0.620700 0.000000 0.000000 0.000000 1.000000
0.971387 0.031428 -0.235415 0.759271 -0.002693 0.992600 0.121399 19.542589 0.237488 -0.117291 0.964283 -0.626191 0.000000 0.000000 0.000000 1.000000
0.972041 0.031360 -0.232706 0.755689 -0.002758 0.992498 0.122231 19.539070 0.234793 -0.118171 0.964836 -0.629225 0.000000 0.000000 0.000000 1.000000
0.972748 0.031224 -0.229751 0.751798 -0.002803 0.992402 0.123005 19.534939 0.231846 -0.119009 0.965445 -0.629618 0.000000 0.000000 0.000000 1.000000
0.973451 0.030982 -0.226790 0.746975 -0.002784 0.992326 0.123617 19.530807 0.228879 -0.119704 0.966067 -0.626890 0.000000 0.000000 0.000000 1.000000
0.974087 0.030576 -0.224096 0.742903 -0.002632 0.992285 0.123951 19.527008 0.226157 -0.120149 0.966652 -0.621515 0.000000 0.000000 0.000000 1.000000
0.974606 0.030127 -0.221891 0.740105 -0.002449 0.992283 0.123970 19.523661 0.223914 -0.120279 0.967159 -0.615079 0.000000 0.000000 0.000000 1.000000
0.975018 0.029852 -0.220112 0.737180 -0.002412 0.992293 0.123891 19.520882 0.222114 -0.120265 0.967575 -0.608780 0.000000 0.000000 0.000000 1.000000
0.975372 0.029993 -0.218518 0.733864 -0.002763 0.992295 0.123866 19.518309 0.220549 -0.120212 0.967940 -0.604096 0.000000 0.000000 0.000000 1.000000
0.975753 0.030544 -0.216735 0.729432 -0.003563 0.992301 0.123801 19.515387 0.218847 -0.120027 0.968349 -0.602210 0.000000 0.000000 0.000000 1.000000
0.976257 0.031458 -0.214321 0.723478 -0.004879 0.992341 0.123431 19.512058 0.216563 -0.119455 0.968933 -0.601004 0.000000 0.000000 0.000000 1.000000
0.976933 0.032407 -0.211075 0.716449 -0.006515 0.992481 0.122226 19.508717 0.213449 -0.118031 0.969798 -0.598701 0.000000 0.000000 0.000000 1.000000
0.977811 0.033099 -0.206856 0.709287 -0.008293 0.992781 0.119654 19.506643 0.209323 -0.115283 0.971027 -0.593911 0.000000 0.000000 0.000000 1.000000
0.978866 0.033368 -0.201762 0.702990 -0.010038 0.993249 0.115568 19.507483 0.204257 -0.111100 0.972592 -0.587243 0.000000 0.000000 0.000000 1.000000
0.980029 0.033268 -0.196055 0.697909 -0.011661 0.993825 0.110346 19.511677 0.198515 -0.105856 0.974365 -0.580530 0.000000 0.000000 0.000000 1.000000
0.981219 0.032987 -0.190053 0.693481 -0.013156 0.994419 0.104677 19.517876 0.192446 -0.100211 0.976177 -0.575029 0.000000 0.000000 0.000000 1.000000
0.982370 0.032778 -0.184052 0.688651 -0.014581 0.994945 0.099362 19.523785 0.186378 -0.094927 0.977882 -0.571225 0.000000 0.000000 0.000000 1.000000
0.983459 0.032783 -0.178142 0.682097 -0.015958 0.995343 0.095072 19.527637 0.180429 -0.090656 0.979401 -0.569167 0.000000 0.000000 0.000000 1.000000
0.984509 0.032986 -0.172205 0.672758 -0.017310 0.995631 0.091755 19.529579 0.174479 -0.087353 0.980779 -0.568592 0.000000 0.000000 0.000000 1.000000
0.985546 0.033387 -0.166083 0.660897 -0.018694 0.995833 0.089258 19.530634 0.168371 -0.084863 0.982064 -0.569638 0.000000 0.000000 0.000000 1.000000
0.986579 0.033974 -0.159708 0.647177 -0.020165 0.995978 0.087298 19.531460 0.162032 -0.082906 0.983297 -0.572720 0.000000 0.000000 0.000000 1.000000
0.987596 0.034721 -0.153127 0.632124 -0.021718 0.996077 0.085784 19.531628 0.155505 -0.081394 0.984476 -0.578368 0.000000 0.000000 0.000000 1.000000
0.988584 0.035570 -0.146414 0.616428 -0.023290 0.996130 0.084748 19.530598 0.148861 -0.080371 0.985587 -0.585920 0.000000 0.000000 0.000000 1.000000
0.989534 0.036425 -0.139628 0.600406 -0.024807 0.996152 0.084063 19.528667 0.142153 -0.079719 0.986629 -0.594186 0.000000 0.000000 0.000000 1.000000
0.990449 0.037208 -0.132763 0.584165 -0.026220 0.996157 0.083567 19.526884 0.135363 -0.079287 0.987619 -0.602196 0.000000 0.000000 0.000000 1.000000
0.991326 0.037951 -0.125823 0.567806 -0.027599 0.996166 0.083021 19.526196 0.128492 -0.078828 0.988573 -0.609646 0.000000 0.000000 0.000000 1.000000
0.992161 0.038754 -0.118806 0.551398 -0.029052 0.996181 0.082339 19.526571 0.121543 -0.078242 0.989498 -0.616971 0.000000 0.000000 0.000000 1.000000
0.992940 0.039701 -0.111772 0.535196 -0.030648 0.996196 0.081578 19.527138 0.114586 -0.077576 0.990380 -0.624708 0.000000 0.000000 0.000000 1.000000
0.993652 0.040770 -0.104850 0.519599 -0.032348 0.996204 0.080813 19.527161 0.107746 -0.076909 0.991199 -0.632916 0.000000 0.000000 0.000000 1.000000
0.994282 0.041876 -0.098232 0.504981 -0.034044 0.996206 0.080094 19.526524 0.101214 -0.076292 0.991935 -0.641193 0.000000 0.000000 0.000000 1.000000
0.994831 0.042959 -0.092013 0.491579 -0.035671 0.996201 0.079445 19.525541 0.095076 -0.075752 0.992584 -0.649233 0.000000 0.000000 0.000000 1.000000
0.995291 0.044001 -0.086372 0.479265 -0.037189 0.996184 0.078957 19.524540 0.089517 -0.075373 0.993129 -0.656976 0.000000 0.000000 0.000000 1.000000
0.995672 0.045003 -0.081312 0.468583 -0.038600 0.996153 0.078668 19.523556 0.084540 -0.075189 0.993579 -0.665127 0.000000 0.000000 0.000000 1.000000
0.995967 0.045924 -0.077072 0.459431 -0.039848 0.996110 0.078598 19.522623 0.080381 -0.075210 0.993923 -0.673360 0.000000 0.000000 0.000000 1.000000
0.996180 0.046715 -0.073771 0.452199 -0.040887 0.996065 0.078626 19.521849 0.077154 -0.075309 0.994171 -0.680985 0.000000 0.000000 0.000000 1.000000
0.996316 0.047364 -0.071492 0.447067 -0.041707 0.996030 0.078644 19.521481 0.074933 -0.075373 0.994336 -0.687127 0.000000 0.000000 0.000000 1.000000
0.996383 0.047916 -0.070181 0.444148 -0.042366 0.996011 0.078536 19.521622 0.073665 -0.075279 0.994438 -0.691680 0.000000 0.000000 0.000000 1.000000
0.996397 0.048441 -0.069612 0.443191 -0.042954 0.996007 0.078263 19.522369 0.073125 -0.074991 0.994499 -0.694814 0.000000 0.000000 0.000000 1.000000
0.996362 0.048990 -0.069737 0.443716 -0.043530 0.996021 0.077759 19.523767 0.073269 -0.074441 0.994530 -0.696770 0.000000 0.000000 0.000000 1.000000
0.996292 0.049561 -0.070333 0.445567 -0.044110 0.996051 0.077055 19.525562 0.073875 -0.073667 0.994543 -0.697661 0.000000 0.000000 0.000000 1.000000
0.996194 0.050128 -0.071301 0.448468 -0.044672 0.996095 0.076157 19.527489 0.074841 -0.072682 0.994543 -0.697608 0.000000 0.000000 0.000000 1.000000
0.996087 0.050655 -0.072424 0.452158 -0.045194 0.996147 0.075152 19.529297 0.075952 -0.071585 0.994539 -0.696759 0.000000 0.000000 0.000000 1.000000
0.995978 0.051127 -0.073585 0.455984 -0.045663 0.996204 0.074111 19.530834 0.077095 -0.070453 0.994531 -0.695483 0.000000 0.000000 0.000000 1.000000
0.995871 0.051534 -0.074729 0.460800 -0.046068 0.996259 0.073112 19.532267 0.078218 -0.069367 0.994520 -0.693607 0.000000 0.000000 0.000000 1.000000
0.995770 0.051881 -0.075837 0.466144 -0.046411 0.996310 0.072199 19.533476 0.079303 -0.068374 0.994503 -0.691047 0.000000 0.000000 0.000000 1.000000
0.995675 0.052157 -0.076885 0.471683 -0.046678 0.996354 0.071414 19.534351 0.080329 -0.067517 0.994479 -0.687787 0.000000 0.000000 0.000000 1.000000
0.995585 0.052374 -0.077889 0.477484 -0.046881 0.996392 0.070748 19.534821 0.081313 -0.066784 0.994449 -0.683722 0.000000 0.000000 0.000000 1.000000
0.995499 0.052529 -0.078879 0.483484 -0.047014 0.996423 0.070222 19.534937 0.082285 -0.066198 0.994408 -0.678980 0.000000 0.000000 0.000000 1.000000
0.995416 0.052615 -0.079861 0.489898 -0.047068 0.996449 0.069816 19.534893 0.083251 -0.065737 0.994358 -0.673482 0.000000 0.000000 0.000000 1.000000
0.995340 0.052647 -0.080787 0.496115 -0.047064 0.996470 0.069516 19.534809 0.084161 -0.065390 0.994304 -0.667400 0.000000 0.000000 0.000000 1.000000
0.995281 0.052585 -0.081549 0.502206 -0.046972 0.996490 0.069285 19.534883 0.084907 -0.065128 0.994258 -0.660804 0.000000 0.000000 0.000000 1.000000
0.995245 0.052437 -0.082081 0.508001 -0.046806 0.996512 0.069084 19.535110 0.085417 -0.064913 0.994228 -0.653963 0.000000 0.000000 0.000000 1.000000
0.995235 0.052222 -0.082343 0.513527 -0.046592 0.996537 0.068873 19.535362 0.085655 -0.064709 0.994221 -0.647272 0.000000 0.000000 0.000000 1.000000
0.995240 0.051990 -0.082430 0.519227 -0.046375 0.996564 0.068631 19.535618 0.085715 -0.064482 0.994231 -0.641162 0.000000 0.000000 0.000000 1.000000
0.995250 0.051799 -0.082428 0.525264 -0.046210 0.996592 0.068328 19.535870 0.085686 -0.064194 0.994252 -0.635721 0.000000 0.000000 0.000000 1.000000
0.995255 0.051689 -0.082433 0.531419 -0.046132 0.996622 0.067952 19.536095 0.085666 -0.063827 0.994277 -0.631134 0.000000 0.000000 0.000000 1.000000
0.995250 0.051631 -0.082529 0.538394 -0.046106 0.996654 0.067497 19.536518 0.085737 -0.063372 0.994300 -0.627247 0.000000 0.000000 0.000000 1.000000
0.995231 0.051602 -0.082776 0.545855 -0.046105 0.996687 0.066995 19.537022 0.085959 -0.062859 0.994314 -0.624256 0.000000 0.000000 0.000000 1.000000
0.995201 0.051587 -0.083154 0.553435 -0.046110 0.996721 0.066494 19.537640 0.086311 -0.062341 0.994316 -0.622214 0.000000 0.000000 0.000000 1.000000
0.995162 0.051569 -0.083623 0.560991 -0.046101 0.996751 0.066051 19.538431 0.086758 -0.061876 0.994306 -0.620933 0.000000 0.000000 0.000000 1.000000
0.995120 0.051531 -0.084142 0.568446 -0.046063 0.996777 0.065686 19.539402 0.087255 -0.061489 0.994286 -0.620278 0.000000 0.000000 0.000000 1.000000
0.995076 0.051423 -0.084734 0.576096 -0.045942 0.996799 0.065423 19.540302 0.087827 -0.061208 0.994253 -0.620258 0.000000 0.000000 0.000000 1.000000
0.995021 0.051303 -0.085446 0.583523 -0.045793 0.996818 0.065242 19.541050 0.088522 -0.061004 0.994204 -0.620828 0.000000 0.000000 0.000000 1.000000
0.994950 0.051183 -0.086346 0.590867 -0.045627 0.996833 0.065138 19.541685 0.089407 -0.060869 0.994133 -0.621881 0.000000 0.000000 0.000000 1.000000
0.994859 0.051083 -0.087439 0.598176 -0.045461 0.996841 0.065124 19.542465 0.090489 -0.060814 0.994039 -0.622841 0.000000 0.000000 0.000000 1.000000
0.994753 0.051002 -0.088688 0.605428 -0.045303 0.996848 0.065124 19.543262 0.091730 -0.060765 0.993928 -0.624238 0.000000 0.000000 0.000000 1.000000
0.994635 0.050939 -0.090034 0.612549 -0.045158 0.996855 0.065125 19.544100 0.093068 -0.060710 0.993807 -0.626275 0.000000 0.000000 0.000000 1.000000
0.994513 0.050890 -0.091403 0.619371 -0.045025 0.996861 0.065125 19.544964 0.094431 -0.060653 0.993682 -0.628789 0.000000 0.000000 0.000000 1.000000
0.994442 0.051296 -0.091950 0.620733 -0.045248 0.996746 0.066702 19.542458 0.095072 -0.062170 0.993527 -0.624973 0.000000 0.000000 0.000000 1.000000
0.994360 0.051713 -0.092600 0.622495 -0.045433 0.996603 0.068690 19.539425 0.095837 -0.064095 0.993331 -0.618823 0.000000 0.000000 0.000000 1.000000
0.994267 0.052064 -0.093394 0.624990 -0.045495 0.996429 0.071131 19.535692 0.096764 -0.066474 0.993085 -0.610699 0.000000 0.000000 0.000000 1.000000
0.994160 0.052291 -0.094396 0.628096 -0.045376 0.996227 0.073979 19.531528 0.097909 -0.069264 0.992782 -0.600138 0.000000 0.000000 0.000000 1.000000
0.994034 0.052380 -0.095671 0.631585 -0.045058 0.996001 0.077151 19.527264 0.099330 -0.072380 0.992419 -0.587402 0.000000 0.000000 0.000000 1.000000
0.993880 0.052374 -0.097256 0.635213 -0.044598 0.995759 0.080471 19.523359 0.101058 -0.075641 0.992001 -0.573071 0.000000 0.000000 0.000000 1.000000
0.993698 0.052341 -0.099115 0.638931 -0.044082 0.995511 0.083758 19.520391 0.103054 -0.078861 0.991545 -0.557736 0.000000 0.000000 0.000000 1.000000
0.993481 0.052267 -0.101306 0.642699 -0.043501 0.995268 0.086887 19.518536 0.105368 -0.081914 0.991054 -0.542092 0.000000 0.000000 0.000000 1.000000
0.993230 0.052015 -0.103864 0.646849 -0.042711 0.995037 0.089873 19.517746 0.108023 -0.084829 0.990523 -0.526753 0.000000 0.000000 0.000000 1.000000
0.992933 0.051335 -0.106998 0.651584 -0.041443 0.994831 0.092703 19.517790 0.111204 -0.087613 0.989928 -0.512101 0.000000 0.000000 0.000000 1.000000
0.992580 0.050201 -0.110750 0.657664 -0.039668 0.994655 0.095333 19.518734 0.114944 -0.090233 0.989265 -0.498960 0.000000 0.000000 0.000000 1.000000
0.992165 0.048814 -0.115006 0.665493 -0.037612 0.994511 0.097638 19.520828 0.119141 -0.092548 0.988555 -0.488203 0.000000 0.000000 0.000000 1.000000
0.991712 0.047551 -0.119361 0.673804 -0.035709 0.994401 0.099459 19.523491 0.123422 -0.094372 0.987857 -0.479820 0.000000 0.000000 0.000000 1.000000
0.991253 0.046585 -0.123481 0.681599 -0.034178 0.994324 0.100759 19.526102 0.127474 -0.095657 0.987218 -0.473179 0.000000 0.000000 0.000000 1.000000
0.990790 0.045935 -0.127381 0.688943 -0.033049 0.994287 0.101490 19.528637 0.131315 -0.096345 0.986648 -0.466520 0.000000 0.000000 0.000000 1.000000
0.990261 0.045444 -0.131601 0.696295 -0.032095 0.994283 0.101839 19.531775 0.135477 -0.096624 0.986058 -0.458994 0.000000 0.000000 0.000000 1.000000
0.989555 0.045013 -0.136947 0.705016 -0.031123 0.994305 0.101929 19.536144 0.140755 -0.096602 0.985320 -0.450520 0.000000 0.000000 0.000000 1.000000
0.988618 0.044545 -0.143702 0.716096 -0.029979 0.994334 0.101984 19.541512 0.147430 -0.096515 0.984352 -0.441748 0.000000 0.000000 0.000000 1.000000
0.987429 0.044008 -0.151812 0.729547 -0.028604 0.994353 0.102200 19.546976 0.155452 -0.096573 0.983111 -0.432949 0.000000 0.000000 0.000000 1.000000
0.986027 0.043390 -0.160834 0.744134 -0.026990 0.994337 0.102789 19.551338 0.164383 -0.097012 0.981614 -0.425316 0.000000 0.000000 0.000000 1.000000
0.984456 0.042637 -0.170380 0.759473 -0.025086 0.994275 0.103869 19.554493 0.173833 -0.097981 0.979889 -0.418779 0.000000 0.000000 0.000000 1.000000
0.982733 0.041546 -0.180307 0.775388 -0.022654 0.994151 0.105601 19.556646 0.183639 -0.099693 0.977925 -0.413271 0.000000 0.000000 0.000000 1.000000
0.980878 0.040002 -0.190468 0.791836 -0.019583 0.993969 0.107901 19.557386 0.193636 -0.102108 0.975745 -0.409204 0.000000 0.000000 0.000000 1.000000
0.978913 0.037892 -0.200731 0.808219 -0.015746 0.993719 0.110791 19.556229 0.203669 -0.105294 0.973361 -0.406948 0.000000 0.000000 0.000000 1.000000
0.976885 0.035519 -0.210795 0.823823 -0.011524 0.993416 0.113983 19.553202 0.213455 -0.108919 0.970862 -0.406109 0.000000 0.000000 0.000000 1.000000
0.974865 0.033282 -0.220295 0.837688 -0.007444 0.993093 0.117093 19.549026 0.222671 -0.112510 0.968380 -0.405608 0.000000 0.000000 0.000000 1.000000
0.972934 0.031585 -0.228914 0.849611 -0.004104 0.992820 0.119544 19.544758 0.231046 -0.115369 0.966078 -0.403367 0.000000 0.000000 0.000000 1.000000
0.971146 0.030535 -0.236521 0.858550 -0.001744 0.992652 0.120995 19.541458 0.238477 -0.117091 0.964063 -0.400402 0.000000 0.000000 0.000000 1.000000
0.969569 0.030070 -0.242965 0.864186 -0.000364 0.992604 0.121393 19.540005 0.244819 -0.117610 0.962409 -0.397820 0.000000 0.000000 0.000000 1.000000
0.968187 0.029917 -0.248433 0.867175 0.000453 0.992616 0.121299 19.539688 0.250227 -0.117553 0.961024 -0.397042 0.000000 0.000000 0.000000 1.000000
0.967045 0.029964 -0.252837 0.868165 0.000934 0.992626 0.121212 19.539639 0.254605 -0.117454 0.959886 -0.398972 0.000000 0.000000 0.000000 1.000000
0.966105 0.030131 -0.256387 0.867406 0.001266 0.992600 0.121423 19.538971 0.258148 -0.117632 0.958917 -0.403581 0.000000 0.000000 0.000000 1.000000
0.965388 0.030397 -0.259039 0.865262 0.001452 0.992544 0.121881 19.537369 0.260813 -0.118038 0.958146 -0.410349 0.000000 0.000000 0.000000 1.000000
0.964885 0.030728 -0.260871 0.861746 0.001472 0.992486 0.122348 19.535404 0.262670 -0.118436 0.957589 -0.418721 0.000000 0.000000 0.000000 1.000000
0.964579 0.031097 -0.261956 0.856894 0.001318 0.992447 0.122669 19.534084 0.263792 -0.118669 0.957252 -0.428318 0.000000 0.000000 0.000000 1.000000
0.964457 0.031480 -0.262358 0.850867 0.001002 0.992436 0.122763 19.534161 0.264238 -0.118662 0.957130 -0.438923 0.000000 0.000000 0.000000 1.000000
0.964473 0.031849 -0.262255 0.844039 0.000580 0.992449 0.122661 19.535599 0.264181 -0.118455 0.957171 -0.450715 0.000000 0.000000 0.000000 1.000000
0.964632 0.032170 -0.261629 0.836794 0.000085 0.992487 0.122347 19.537777 0.263600 -0.118042 0.957383 -0.463563 0.000000 0.000000 0.000000 1.000000
0.964902 0.032423 -0.260601 0.829437 -0.000434 0.992544 0.121883 19.539839 0.262610 -0.117492 0.957722 -0.477549 0.000000 0.000000 0.000000 1.000000
0.965277 0.032578 -0.259189 0.821939 -0.000927 0.992614 0.121313 19.541317 0.261227 -0.116861 0.958177 -0.492312 0.000000 0.000000 0.000000 1.000000
0.965716 0.032626 -0.257544 0.814456 -0.001338 0.992683 0.120740 19.542173 0.259599 -0.116256 0.958693 -0.507457 0.000000 0.000000 0.000000 1.000000
0.966185 0.032577 -0.255785 0.807237 -0.001639 0.992743 0.120244 19.542686 0.257846 -0.115759 0.959226 -0.522577 0.000000 0.000000 0.000000 1.000000
0.966660 0.032463 -0.253997 0.800365 -0.001842 0.992787 0.119877 19.543129 0.256057 -0.115412 0.959747 -0.537296 0.000000 0.000000 0.000000 1.000000
0.967137 0.032328 -0.252192 0.794268 -0.001995 0.992818 0.119618 19.543606 0.254248 -0.115184 0.960255 -0.551271 0.000000 0.000000 0.000000 1.000000
0.967631 0.032196 -0.250307 0.788764 -0.002138 0.992840 0.119436 19.544111 0.252360 -0.115035 0.960771 -0.564405 0.000000 0.000000 0.000000 1.000000
0.968151 0.032071 -0.248303 0.783601 -0.002298 0.992858 0.119280 19.544714 0.250355 -0.114911 0.961310 -0.576398 0.000000 0.000000 0.000000 1.000000
0.968695 0.031955 -0.246188 0.778489 -0.002464 0.992870 0.119176 19.545433 0.248241 -0.114839 0.961867 -0.587199 0.000000 0.000000 0.000000 1.000000
0.969234 0.031837 -0.244072 0.773737 -0.002600 0.992868 0.119187 19.546167 0.246126 -0.114885 0.962405 -0.596960 0.000000 0.000000 0.000000 1.000000
0.969751 0.031722 -0.242025 0.769576 -0.002674 0.992841 0.119415 19.546650 0.244080 -0.115156 0.962894 -0.605779 0.000000 0.000000 0.000000 1.000000
0.970261 0.031605 -0.239989 0.765950 -0.002681 0.992782 0.119902 19.546400 0.242047 -0.115693 0.963342 -0.613776 0.000000 0.000000 0.000000 1.000000
0.970793 0.031504 -0.237841 0.762595 -0.002672 0.992699 0.120588 19.545095 0.239903 -0.116431 0.963789 -0.620701 0.000000 0.000000 0.000000 1.000000
0.971387 0.031428 -0.235415 0.759270 -0.002693 0.992600 0.121399 19.542591 0.237488 -0.117291 0.964283 -0.626192 0.000000 0.000000 0.000000 1.000000
0.972041 0.031361 -0.232706 0.755689 -0.002759 0.992498 0.122231 19.539064 0.234793 -0.118171 0.964836 -0.629225 0.000000 0.000000 0.000000 1.000000
0.972748 0.031224 -0.229751 0.751799 -0.002802 0.992402 0.123005 19.534941 0.231846 -0.119009 0.965445 -0.629619 0.000000 0.000000 0.000000 1.000000
0.973451 0.030982 -0.226790 0.746975 -0.002784 0.992326 0.123617 19.530807 0.228879 -0.119704 0.966067 -0.626890 0.000000 0.000000 0.000000 1.000000
0.974087 0.030576 -0.224096 0.742901 -0.002632 0.992285 0.123951 19.527008 0.226157 -0.120149 0.966652 -0.621516 0.000000 0.000000 0.000000 1.000000
0.974606 0.030127 -0.221891 0.740103 -0.002449 0.992283 0.123970 19.523657 0.223914 -0.120279 0.967159 -0.615080 0.000000 0.000000 0.000000 1.000000
0.975018 0.029852 -0.220112 0.737176 -0.002412 0.992293 0.123891 19.520882 0.222114 -0.120265 0.967575 -0.608780 0.000000 0.000000 0.000000 1.000000
0.975372 0.029993 -0.218518 0.733864 -0.002763 0.992295 0.123866 19.518309 0.220549 -0.120212 0.967940 -0.604096 0.000000 0.000000 0.000000 1.000000</float_array><technique_common><accessor source="#mixamorig_Hips-Matrix-animation-output-transform-array" count="237" stride="16"><param type="float4x4"/></accessor></technique_common></source><source id="mixamorig_Hips-Interpolations"><Name_array id="mixamorig_Hips-Interpolations-array" count="237">
 LINEAR LINEAR LINEAR LINEAR LINEAR LINEAR LINEAR LINEAR LINEAR LINEAR LINEAR
LINEAR LINEAR LINEAR LINEAR LINEAR LINEAR LINEAR LINEAR LINEAR LINEAR LINEAR LINEAR
LINEAR LINEAR LINEAR LINEAR LINEAR LINEAR LINEAR LINEAR LINEAR LINEAR LINEAR LINEAR
LINEAR LINEAR LINEAR LINEAR LINEAR LINEAR LINEAR LINEAR LINEAR LINEAR LINEAR LINEAR
LINEAR LINEAR LINEAR LINEAR LINEAR LINEAR LINEAR LINEAR LINEAR LINEAR LINEAR LINEAR
LINEAR LINEAR LINEAR LINEAR LINEAR LINEAR LINEAR LINEAR LINEAR LINEAR LINEAR LINEAR
LINEAR LINEAR LINEAR LINEAR LINEAR LINEAR LINEAR LINEAR LINEAR LINEAR LINEAR LINEAR
LINEAR LINEAR LINEAR LINEAR LINEAR LINEAR LINEAR LINEAR LINEAR LINEAR LINEAR LINEAR
LINEAR LINEAR LINEAR LINEAR LINEAR LINEAR LINEAR LINEAR LINEAR LINEAR LINEAR LINEAR
LINEAR LINEAR LINEAR LINEAR LINEAR LINEAR LINEAR LINEAR LINEAR LINEAR LINEAR LINEAR
LINEAR LINEAR LINEAR LINEAR LINEAR LINEAR LINEAR LINEAR LINEAR LINEAR LINEAR LINEAR
LINEAR LINEAR LINEAR LINEAR LINEAR LINEAR LINEAR LINEAR LINEAR LINEAR LINEAR LINEAR
LINEAR LINEAR LINEAR LINEAR LINEAR LINEAR LINEAR LINEAR LINEAR LINEAR LINEAR LINEAR
LINEAR LINEAR LINEAR LINEAR LINEAR LINEAR LINEAR LINEAR LINEAR LINEAR LINEAR LINEAR
